Dataset 	 Threshold 	 classification_type 	 Accuracy 	 TP_Rate 	 FP_Rate 	 Precision 	 Recall 	 F-Measure 	 MCC 	 ROC_Area 	 PRC_Area  	 Class
fx-spot_USD_ZAR_10min_201604.txt	0.00035000	TrendWithOS	0.9942938659058488	0.821	0.006	0.979	0.821	0.893	0.868	0.964	0.922	yes
fx-spot_USD_ZAR_10min_201604.txt	0.00035000	TrendWithoutOS	0.9942938659058488	0.994	0.179	0.944	0.994	0.969	0.868	0.964	0.983	no
fx-spot_USD_ZAR_10min_201604.txt	0.00035000	WeightedAverage	0.9942938659058488	0.951	0.136	0.953	0.951	0.950	0.868	0.964	0.968
fx-spot_USD_ZAR_10min_201604.txt	0.00005000	TrendWithOS	0.9907149489322191	0.708	0.000	1.000	0.708	0.829	0.823	0.948	0.818	yes
fx-spot_USD_ZAR_10min_201604.txt	0.00005000	TrendWithoutOS	0.9907149489322191	1.000	0.292	0.957	1.000	0.978	0.823	0.948	0.987	no
fx-spot_USD_ZAR_10min_201604.txt	0.00005000	WeightedAverage	0.9907149489322191	0.961	0.253	0.963	0.961	0.958	0.823	0.948	0.964
fx-spot_USD_ZAR_10min_201604.txt	0.00062500	TrendWithOS	0.9910233393177738	0.861	0.039	0.909	0.861	0.884	0.835	0.973	0.943	yes
fx-spot_USD_ZAR_10min_201604.txt	0.00062500	TrendWithoutOS	0.9910233393177738	0.961	0.139	0.939	0.961	0.950	0.835	0.973	0.983	no
fx-spot_USD_ZAR_10min_201604.txt	0.00062500	WeightedAverage	0.9910233393177738	0.930	0.108	0.929	0.930	0.929	0.835	0.973	0.971
fx-spot_USD_ZAR_10min_201604.txt	0.00085000	TrendWithOS	0.9931972789115646	0.853	0.040	0.927	0.853	0.888	0.829	0.979	0.959	yes
fx-spot_USD_ZAR_10min_201604.txt	0.00085000	TrendWithoutOS	0.9931972789115646	0.960	0.147	0.918	0.960	0.938	0.829	0.979	0.984	no
fx-spot_USD_ZAR_10min_201604.txt	0.00085000	WeightedAverage	0.9931972789115646	0.921	0.107	0.921	0.921	0.920	0.829	0.979	0.975
fx-spot_USD_ZAR_10min_201604.txt	0.00020000	TrendWithOS	0.9976442873969376	0.796	0.009	0.954	0.796	0.868	0.846	0.960	0.883	yes
fx-spot_USD_ZAR_10min_201604.txt	0.00020000	TrendWithoutOS	0.9976442873969376	0.991	0.204	0.955	0.991	0.973	0.846	0.960	0.986	no
fx-spot_USD_ZAR_10min_201604.txt	0.00020000	WeightedAverage	0.9976442873969376	0.955	0.168	0.955	0.955	0.954	0.846	0.960	0.967
