Dataset 	 Threshold 	 classification_type 	 Accuracy 	 TP_Rate 	 FP_Rate 	 Precision 	 Recall 	 F-Measure 	 MCC 	 ROC_Area 	 PRC_Area  	 Class
fx-spot_USD_ZAR_10min_201604.txt	0.00250000	TrendWithOS	0.9784172661870504	1.000	0.143	0.912	1.000	0.954	0.884	0.970	0.972	yes
fx-spot_USD_ZAR_10min_201604.txt	0.00250000	TrendWithoutOS	0.9784172661870504	0.857	0.000	1.000	0.857	0.923	0.884	0.970	0.957	no
fx-spot_USD_ZAR_10min_201604.txt	0.00250000	WeightedAverage	0.9784172661870504	0.942	0.085	0.948	0.942	0.942	0.884	0.970	0.966
fx-spot_USD_ZAR_10min_201604.txt	0.00025000	TrendWithOS	0.9886506935687264	0.811	0.011	0.951	0.811	0.875	0.849	0.961	0.903	yes
fx-spot_USD_ZAR_10min_201604.txt	0.00025000	TrendWithoutOS	0.9886506935687264	0.989	0.189	0.951	0.989	0.969	0.849	0.961	0.984	no
fx-spot_USD_ZAR_10min_201604.txt	0.00025000	WeightedAverage	0.9886506935687264	0.951	0.151	0.951	0.951	0.949	0.849	0.961	0.967
fx-spot_USD_ZAR_10min_201604.txt	0.00022500	TrendWithOS	0.9951632406287787	0.788	0.010	0.947	0.788	0.860	0.835	0.959	0.884	yes
fx-spot_USD_ZAR_10min_201604.txt	0.00022500	TrendWithoutOS	0.9951632406287787	0.990	0.213	0.951	0.990	0.970	0.835	0.959	0.985	no
fx-spot_USD_ZAR_10min_201604.txt	0.00022500	WeightedAverage	0.9951632406287787	0.950	0.173	0.950	0.950	0.949	0.835	0.959	0.966
fx-spot_USD_ZAR_10min_201604.txt	0.00015000	TrendWithOS	0.9933701657458563	0.742	0.007	0.960	0.742	0.837	0.817	0.956	0.869	yes
fx-spot_USD_ZAR_10min_201604.txt	0.00015000	TrendWithoutOS	0.9933701657458563	0.993	0.258	0.946	0.993	0.969	0.817	0.956	0.985	no
fx-spot_USD_ZAR_10min_201604.txt	0.00015000	WeightedAverage	0.9933701657458563	0.948	0.212	0.949	0.948	0.945	0.817	0.956	0.964
fx-spot_USD_ZAR_10min_201604.txt	0.00012500	TrendWithOS	0.9946638207043756	0.737	0.004	0.974	0.737	0.839	0.824	0.957	0.860	yes
fx-spot_USD_ZAR_10min_201604.txt	0.00012500	TrendWithoutOS	0.9946638207043756	0.996	0.263	0.951	0.996	0.973	0.824	0.957	0.987	no
fx-spot_USD_ZAR_10min_201604.txt	0.00012500	WeightedAverage	0.9946638207043756	0.954	0.221	0.955	0.954	0.951	0.824	0.957	0.966
