Dataset 	 Threshold 	 classification_type 	 Accuracy 	 TP_Rate 	 FP_Rate 	 Precision 	 Recall 	 F-Measure 	 MCC 	 ROC_Area 	 PRC_Area  	 Class
fx-spot_USD_ZAR_10min_201604.txt	0.00010000	TrendWithOS	0.9959555106167847	0.713	0.012	0.915	0.713	0.801	0.779	0.952	0.829	yes
fx-spot_USD_ZAR_10min_201604.txt	0.00010000	TrendWithoutOS	0.9959555106167847	0.988	0.287	0.951	0.988	0.969	0.779	0.952	0.986	no
fx-spot_USD_ZAR_10min_201604.txt	0.00010000	WeightedAverage	0.9959555106167847	0.946	0.245	0.945	0.946	0.944	0.779	0.952	0.963
fx-spot_USD_ZAR_10min_201604.txt	0.00017500	TrendWithOS	0.887115165336374	0.311	0.000	1.000	0.311	0.474	0.519	0.745	0.492	yes
fx-spot_USD_ZAR_10min_201604.txt	0.00017500	TrendWithoutOS	0.887115165336374	1.000	0.689	0.866	1.000	0.928	0.519	0.745	0.912	no
fx-spot_USD_ZAR_10min_201604.txt	0.00017500	WeightedAverage	0.887115165336374	0.873	0.563	0.890	0.873	0.845	0.519	0.745	0.835
fx-spot_USD_ZAR_10min_201604.txt	0.00067500	TrendWithOS	0.9923224568138196	0.845	0.040	0.913	0.845	0.878	0.821	0.964	0.936	yes
fx-spot_USD_ZAR_10min_201604.txt	0.00067500	TrendWithoutOS	0.9923224568138196	0.960	0.155	0.925	0.960	0.942	0.821	0.964	0.975	no
fx-spot_USD_ZAR_10min_201604.txt	0.00067500	WeightedAverage	0.9923224568138196	0.921	0.117	0.921	0.921	0.921	0.821	0.964	0.962
fx-spot_USD_ZAR_10min_201604.txt	0.00062500	TrendWithOS	0.9910233393177738	0.861	0.039	0.909	0.861	0.884	0.835	0.973	0.943	yes
fx-spot_USD_ZAR_10min_201604.txt	0.00062500	TrendWithoutOS	0.9910233393177738	0.961	0.139	0.939	0.961	0.950	0.835	0.973	0.983	no
fx-spot_USD_ZAR_10min_201604.txt	0.00062500	WeightedAverage	0.9910233393177738	0.930	0.108	0.929	0.930	0.929	0.835	0.973	0.971
fx-spot_USD_ZAR_10min_201604.txt	0.00052500	TrendWithOS	0.9882352941176471	0.829	0.029	0.926	0.829	0.875	0.827	0.966	0.931	yes
fx-spot_USD_ZAR_10min_201604.txt	0.00052500	TrendWithoutOS	0.9882352941176471	0.971	0.171	0.928	0.971	0.949	0.827	0.966	0.979	no
fx-spot_USD_ZAR_10min_201604.txt	0.00052500	WeightedAverage	0.9882352941176471	0.928	0.128	0.928	0.928	0.927	0.827	0.966	0.965
